
Media:  	0.50865802
Varianza:	0.03078584

Minimo: 	0.16395920
Maximo: 	1.27240872
Mediana:	0.48037816

Skewness:	0.77558041

