
Media:     0.50934599
Varianza:  0.02919431

Minimo:    0.17165992
Maximo:    1.12633539
Mediana:   0.48863790
Q1:        0.38729103
Q3:        0.61308287

Skewness:  0.70160439

